local UIS = game:GetService("UserInputService")
local animation_throw = {
	[1] = {
		["Left Shoulder"] = {
			["C1"] = CFrame.new(-21.6103992, 31.3415909, 19.0611057, 0.995757937, -0.0366019718, 0.0844183564, -0.0823064446, 0.0558069758, 0.995043278, -0.041131705, -0.997770429, 0.0525576621),
			["C0"] = CFrame.new(2.14202309, -15.9881487, 38.0958099, 0.707106888, -4.99317352e-08, 0.70710665, 5.85495954e-08, 1, 1.20645414e-08, -0.70710665, 3.28698917e-08, 0.707106888),
		},
		["Right Shoulder"] = {
			["C1"] = CFrame.new(37.9799042, 13.3470297, 9.01243687, -0.726483643, -0.0284792166, 0.686593235, -0.317301124, -0.872350335, -0.371920258, 0.609542012, -0.488050789, 0.624711931),
			["C0"] = CFrame.new(2.14202309, -15.9881487, 38.0958099, 0.707106888, -4.99317352e-08, 0.70710665, 5.85495954e-08, 1, 1.20645414e-08, -0.70710665, 3.28698917e-08, 0.707106888),
		},
		["RootJoint"] = {
			["C1"] = CFrame.new(2.14202309, -15.9881487, 38.0958099, 0.707106888, -4.99317352e-08, 0.70710665, 5.85495954e-08, 1, 1.20645414e-08, -0.70710665, 3.28698917e-08, 0.707106888),
			["C0"] = CFrame.new(-25.4231625, -15.9881468, 28.4524498, 1, 0, 0, 0, 1, 0, 0, 0, 1),
		},
		["Neck"] = {
			["C1"] = CFrame.new(-15.6108284, -17.4881477, 34.816391, 0.953024387, -2.25432402e-08, 0.302893609, 2.39254234e-08, 1, -8.52653947e-10, -0.302893609, 8.05946065e-09, 0.953024387),
			["C0"] = CFrame.new(2.14202309, -15.9881487, 38.0958099, 0.707106888, -4.99317352e-08, 0.70710665, 5.85495954e-08, 1, 1.20645414e-08, -0.70710665, 3.28698917e-08, 0.707106888),
		},
		["Right Hip"] = {
			["C1"] = CFrame.new(-1.9389782, -21.0186424, 34.4451828, 0.707359552, 0.189905956, 0.680865765, 0.00261101127, 0.962525368, -0.271178603, -0.706849098, 0.193598539, 0.680355728),
			["C0"] = CFrame.new(2.14202309, -15.9881487, 38.0958099, 0.707106888, -4.99317352e-08, 0.70710665, 5.85495954e-08, 1, 1.20645414e-08, -0.70710665, 3.28698917e-08, 0.707106888),
		},
		["Left Hip"] = {
			["C1"] = CFrame.new(7.24253654, -4.66845322, 40.0414429, 0.662943125, -0.196605936, 0.722393632, -0.0204841495, 0.95977819, 0.2800107, -0.748389482, -0.200428784, 0.632251084),
			["C0"] = CFrame.new(2.14202309, -15.9881487, 38.0958099, 0.707106888, -4.99317352e-08, 0.70710665, 5.85495954e-08, 1, 1.20645414e-08, -0.70710665, 3.28698917e-08, 0.707106888),
		},
	},
	[2] = {
		["Left Shoulder"] = {
			["C1"] = CFrame.new(-37.0034866, -4.65114212, 17.6126347, 0.550107658, -0.0366017818, -0.83429122, 0.834672987, 0.0558068641, 0.547911048, 0.0265047457, -0.997770369, 0.0612502731),
			["C0"] = CFrame.new(-9.35094643, -15.9881477, 36.9924164, 0.886238098, -3.38597879e-08, 0.463230014, 3.72070268e-08, 1, 1.91158422e-09, -0.463230014, 1.55412927e-08, 0.886238098),
		},
		["Right Shoulder"] = {
			["C1"] = CFrame.new(19.4420338, 37.4078674, -2.12215614, -0.48543781, 0.615069628, 0.621320665, -0.420861542, -0.787312031, 0.450571924, 0.76630646, -0.0427653119, 0.641050458),
			["C0"] = CFrame.new(-9.35094643, -15.9881477, 36.9924164, 0.886238098, -3.38597879e-08, 0.463230014, 3.72070268e-08, 1, 1.91158422e-09, -0.463230014, 1.55412927e-08, 0.886238098),
		},
		["RootJoint"] = {
			["C1"] = CFrame.new(-9.35094643, -15.9881477, 36.9924164, 0.886238098, -3.38597879e-08, 0.463230014, 3.72070268e-08, 1, 1.91158422e-09, -0.463230014, 1.55412927e-08, 0.886238098),
			["C0"] = CFrame.new(-25.4231625, -15.9881468, 28.4524498, 1, 0, 0, 0, 1, 0, 0, 0, 1),
		},
		["Neck"] = {
			["C1"] = CFrame.new(-25.3293209, -17.4881477, 28.536026, 0.999994576, -2.52544652e-10, 0.00329333544, 2.527063e-10, 1, -4.80460116e-11, -0.00329333544, 4.88773466e-11, 0.999994576),
			["C0"] = CFrame.new(-9.35094643, -15.9881477, 36.9924164, 0.886238098, -3.38597879e-08, 0.463230014, 3.72070268e-08, 1, 1.91158422e-09, -0.463230014, 1.55412927e-08, 0.886238098),
		},
		["Right Hip"] = {
			["C1"] = CFrame.new(-9.39270306, -1.70985961, 39.9376602, 0.815821528, 0.223787129, 0.533249021, -0.324476749, 0.940403581, 0.101762734, -0.478696167, -0.2560471, 0.839815378),
			["C0"] = CFrame.new(-9.35094643, -15.9881477, 36.9924164, 0.886238098, -3.38597879e-08, 0.463230014, 3.72070268e-08, 1, 1.91158422e-09, -0.463230014, 1.55412927e-08, 0.886238098),
		},
		["Left Hip"] = {
			["C1"] = CFrame.new(1.52750492, -20.8004246, 34.4987907, 0.766734302, -0.214402631, 0.605103314, 0.28216514, 0.959203064, -0.0176664218, -0.576629281, 0.184284493, 0.795950949),
			["C0"] = CFrame.new(-9.35094643, -15.9881477, 36.9924164, 0.886238098, -3.38597879e-08, 0.463230014, 3.72070268e-08, 1, 1.91158422e-09, -0.463230014, 1.55412927e-08, 0.886238098),
		},
	},
	[3] = {
		["Left Shoulder"] = {
			["C1"] = CFrame.new(17.4234886, -33.180481, 13.660965, -0.891984582, -0.299859792, -0.338300794, 0.369219124, -0.0514323562, -0.927917957, 0.260845661, -0.95259577, 0.156590953),
			["C0"] = CFrame.new(-38.3033257, -15.629549, 0.269184113, 0.752595663, 0.0282564387, -0.657876372, -0.207010984, 0.958576977, -0.195644081, 0.625096917, 0.28342852, 0.727270305),
		},
		["Right Shoulder"] = {
			["C1"] = CFrame.new(-31.6868954, 29.2753677, 5.4145937, 0.953091383, 0.298847198, -0.0480357409, 0.0735828876, -0.0748232901, 0.994478285, 0.293602884, -0.951363146, -0.0933035463),
			["C0"] = CFrame.new(-38.3033257, -15.629549, 0.269184113, 0.752595663, 0.0282564387, -0.657876372, -0.207010984, 0.958576977, -0.195644081, 0.625096917, 0.28342852, 0.727270305),
		},
		["RootJoint"] = {
			["C1"] = CFrame.new(-38.3033257, -15.629549, 0.269184113, 0.752595663, 0.0282564387, -0.657876372, -0.207010984, 0.958576977, -0.195644081, 0.625096917, 0.28342852, 0.727270305),
			["C0"] = CFrame.new(-25.4231625, -15.9881468, 28.4524498, 1, 0, 0, 0, 1, 0, 0, 0, 1),
		},
		["Neck"] = {
			["C1"] = CFrame.new(-35.5257339, -17.1295509, 14.3226833, 0.929619312, 0.130409598, -0.34467566, -0.20701097, 0.958576977, -0.195644096, 0.304884285, 0.253226161, 0.918107927),
			["C0"] = CFrame.new(-38.3033257, -15.629549, 0.269184113, 0.752595663, 0.0282564387, -0.657876372, -0.207010984, 0.958576977, -0.195644081, 0.625096917, 0.28342852, 0.727270305),
		},
		["Right Hip"] = {
			["C1"] = CFrame.new(-40.294136, 0.476581573, 9.71656513, 0.7922616, 0.284125865, -0.539994419, -0.0414663255, 0.907997489, 0.416918069, 0.608770847, -0.307916641, 0.731153369),
			["C0"] = CFrame.new(-38.3033257, -15.629549, 0.269184113, 0.752595663, 0.0282564387, -0.657876372, -0.207010984, 0.958576977, -0.195644081, 0.625096917, 0.28342852, 0.727270305),
		},
		["Left Hip"] = {
			["C1"] = CFrame.new(-32.5294838, -22.9025879, -0.0682373047, 0.92393887, -0.0771202073, -0.374685705, -0.204833046, 0.727485418, -0.65483439, 0.323079467, 0.681774974, 0.656355441),
			["C0"] = CFrame.new(-38.3033257, -15.629549, 0.269184113, 0.752595663, 0.0282564387, -0.657876372, -0.207010984, 0.958576977, -0.195644081, 0.625096917, 0.28342852, 0.727270305),
		},
	},
	[4] = {
		["Left Shoulder"] = {
			["C1"] = CFrame.new(20.4596691, -31.2722092, 14.121027, -0.91386795, -0.313043475, -0.258551896, 0.302492708, -0.100192569, -0.94787097, 0.270819843, -0.944438994, 0.186256245),
			["C0"] = CFrame.new(-37.9685822, -16.0932198, -3.30076027, 0.704085112, -0.00841857493, -0.710065663, -0.219885796, 0.948199809, -0.229275689, 0.67521435, 0.317562938, 0.665762246),
		},
		["Right Shoulder"] = {
			["C1"] = CFrame.new(-24.3829346, 31.0998135, 17.9161587, 0.998251438, -0.0318800509, 0.0497774482, -0.0491896868, 0.0189631581, 0.998609424, -0.0327797383, -0.999311686, 0.0173618346),
			["C0"] = CFrame.new(-37.9685822, -16.0932198, -3.30076027, 0.704085112, -0.00841857493, -0.710065663, -0.219885796, 0.948199809, -0.229275689, 0.67521435, 0.317562938, 0.665762246),
		},
		["RootJoint"] = {
			["C1"] = CFrame.new(-37.9685822, -16.0932198, -3.30076027, 0.704085112, -0.00841857493, -0.710065663, -0.219885796, 0.948199809, -0.229275689, 0.67521435, 0.317562938, 0.665762246),
			["C0"] = CFrame.new(-25.4231625, -15.9881468, 28.4524498, 1, 0, 0, 0, 1, 0, 0, 0, 1),
		},
		["Neck"] = {
			["C1"] = CFrame.new(-36.5259705, -17.5932217, 10.8794136, 0.902913988, 0.1088401, -0.415812731, -0.219885781, 0.948199809, -0.229275703, 0.369319141, 0.29844752, 0.880075216),
			["C0"] = CFrame.new(-37.9685822, -16.0932198, -3.30076027, 0.704085112, -0.00841857493, -0.710065663, -0.219885796, 0.948199809, -0.229275689, 0.67521435, 0.317562938, 0.665762246),
		},
		["Right Hip"] = {
			["C1"] = CFrame.new(-40.7256317, -1.89547253, 7.02236652, 0.752132952, 0.252962619, -0.608527541, -0.0113629699, 0.928235292, 0.371819437, 0.658913374, -0.272743046, 0.70103097),
			["C0"] = CFrame.new(-37.9685822, -16.0932198, -3.30076027, 0.704085112, -0.00841857493, -0.710065663, -0.219885796, 0.948199809, -0.229275689, 0.67521435, 0.317562938, 0.665762246),
		},
		["Left Hip"] = {
			["C1"] = CFrame.new(-32.1931534, -22.5224895, -6.20099068, 0.894907832, -0.141558319, -0.423203439, -0.249770269, 0.62700069, -0.737892151, 0.369803667, 0.766049087, 0.525750816),
			["C0"] = CFrame.new(-37.9685822, -16.0932198, -3.30076027, 0.704085112, -0.00841857493, -0.710065663, -0.219885796, 0.948199809, -0.229275689, 0.67521435, 0.317562938, 0.665762246),
		},
	},
	[5] = {
		["Left Shoulder"] = {
			["C1"] = CFrame.new(22.3821983, -28.399807, 17.4922943, -0.914321899, -0.34543106, -0.211406499, 0.30226177, -0.234623775, -0.923898935, 0.269542426, -0.90864116, 0.318932354),
			["C0"] = CFrame.new(-36.076355, -19.3670368, -6.30306625, 0.704003036, -0.110457927, -0.701554418, -0.218607485, 0.906165004, -0.362043768, 0.675714731, 0.408244997, 0.613795996),
		},
		["Right Shoulder"] = {
			["C1"] = CFrame.new(-24.357172, 28.4331207, 21.941124, 0.998211622, -0.0258326232, 0.0539094508, -0.0490654409, 0.161103964, 0.985716939, -0.0341487378, -0.986599267, 0.159548357),
			["C0"] = CFrame.new(-36.076355, -19.3670368, -6.30306625, 0.704003036, -0.110457927, -0.701554418, -0.218607485, 0.906165004, -0.362043768, 0.675714731, 0.408244997, 0.613795996),
		},
		["RootJoint"] = {
			["C1"] = CFrame.new(-36.076355, -19.3670368, -6.30306625, 0.704003036, -0.110457927, -0.701554418, -0.218607485, 0.906165004, -0.362043768, 0.675714731, 0.408244997, 0.613795996),
			["C0"] = CFrame.new(-25.4231625, -15.9881468, 28.4524498, 1, 0, 0, 0, 1, 0, 0, 0, 1),
		},
		["Neck"] = {
			["C1"] = CFrame.new(-35.8690948, -20.8670368, 7.39188194, 0.903021455, 0.0472525656, -0.426988661, -0.21860747, 0.906165004, -0.362043798, 0.369814694, 0.420276254, 0.828616202),
			["C0"] = CFrame.new(-36.076355, -19.3670368, -6.30306625, 0.704003036, -0.110457927, -0.701554418, -0.218607485, 0.906165004, -0.362043768, 0.675714731, 0.408244997, 0.613795996),
		},
		["Right Hip"] = {
			["C1"] = CFrame.new(-40.1601334, -6.64068937, 6.33290482, 0.752419353, 0.16265659, -0.638284922, -0.010053128, 0.97175312, 0.235784769, 0.658607483, -0.170992315, 0.732801199),
			["C0"] = CFrame.new(-36.076355, -19.3670368, -6.30306625, 0.704003036, -0.110457927, -0.701554418, -0.218607485, 0.906165004, -0.362043768, 0.675714731, 0.408244997, 0.613795996),
		},
		["Left Hip"] = {
			["C1"] = CFrame.new(-30.4973068, -23.1703758, -10.6749821, 0.894671202, -0.201633453, -0.398631841, -0.248982534, 0.515823364, -0.8197155, 0.370905757, 0.832628369, 0.411289155),
			["C0"] = CFrame.new(-36.076355, -19.3670368, -6.30306625, 0.704003036, -0.110457927, -0.701554418, -0.218607485, 0.906165004, -0.362043768, 0.675714731, 0.408244997, 0.613795996),
		},
	},
}
local animation_walk = {
	[1] = {
		["Left Shoulder"] = {
			["C1"] = CFrame.new(-20.0543499, -20.6445408, 28.4524498, 0.979124188, -0.203262925, -9.12510956e-10, 0.203262925, 0.979124069, 8.88490437e-09, -9.12510956e-10, -8.88490437e-09, 1),
			["C0"] = CFrame.new(-25.4231625, -16.0251961, 28.4524498, 1, 0, 0, 0, 1, 0, 0, 0, 1),
		},
		["Right Shoulder"] = {
			["C1"] = CFrame.new(-28.7837753, -12.5879183, 28.4524498, 0.992135644, 0.12516734, 3.43760576e-10, -0.12516734, 0.992135525, 5.47123857e-09, 3.43760576e-10, -5.47123813e-09, 1),
			["C0"] = CFrame.new(-25.4231625, -16.0251961, 28.4524498, 1, 0, 0, 0, 1, 0, 0, 0, 1),
		},
		["RootJoint"] = {
			["C1"] = CFrame.new(-25.4231625, -16.0251961, 28.4524498, 1, 0, 0, 0, 1, 0, 0, 0, 1),
			["C0"] = CFrame.new(-25.4231625, -15.9881468, 28.4524498, 1, 0, 0, 0, 1, 0, 0, 0, 1),
		},
		["Neck"] = {
			["C1"] = CFrame.new(-25.4231625, -17.5251961, 28.4524498, 1, 0, 0, 0, 1, 0, 0, 0, 1),
			["C0"] = CFrame.new(-25.4231625, -16.0251961, 28.4524498, 1, 0, 0, 0, 1, 0, 0, 0, 1),
		},
		["Right Hip"] = {
			["C1"] = CFrame.new(-25.9231625, -3.45530033, 31.8661041, 1, -1.48630859e-08, -2.60452637e-09, 1.48630868e-08, 0.940415263, 0.340027779, -2.60452637e-09, -0.340027779, 0.940415382),
			["C0"] = CFrame.new(-25.4231625, -16.0251961, 28.4524498, 1, 0, 0, 0, 1, 0, 0, 0, 1),
		},
		["Left Hip"] = {
			["C1"] = CFrame.new(-24.9231625, -24.3729744, 19.786623, 1, -1.79281336e-08, 3.84576992e-09, 1.79281319e-08, 0.912018895, -0.410147876, 3.84576992e-09, 0.410147876, 0.912019014),
			["C0"] = CFrame.new(-25.4231625, -16.0251961, 28.4524498, 1, 0, 0, 0, 1, 0, 0, 0, 1),
		},
	},
	[2] = {
		["Left Shoulder"] = {
			["C1"] = CFrame.new(-21.9964523, -11.8458014, 32.0459518, 0.980462492, -0.187529296, -0.059380956, 0.196695551, 0.937812209, 0.286039919, 0.00204733107, -0.292131364, 0.956376016),
			["C0"] = CFrame.new(-25.5362663, -16.0493832, 28.4524498, 0.999975443, 0.00700811157, 0, -0.00700811157, 0.999975443, 0, 0, 0, 1),
		},
		["Right Shoulder"] = {
			["C1"] = CFrame.new(-30.185585, -22.7956982, 19.0702305, 0.991312504, 0.120929807, -0.0517256074, -0.131495893, 0.902556062, -0.410001427, -0.00289613008, 0.413241208, 0.910616994),
			["C0"] = CFrame.new(-25.5362663, -16.0493832, 28.4524498, 0.999975443, 0.00700811157, 0, -0.00700811157, 0.999975443, 0, 0, 0, 1),
		},
		["RootJoint"] = {
			["C1"] = CFrame.new(-25.5362663, -16.0493832, 28.4524498, 0.999975443, 0.00700811157, 0, -0.00700811157, 0.999975443, 0, 0, 0, 1),
			["C0"] = CFrame.new(-25.4231625, -15.9881468, 28.4524498, 1, 0, 0, 0, 1, 0, 0, 0, 1),
		},
		["Neck"] = {
			["C1"] = CFrame.new(-25.5362663, -17.5493851, 28.4524498, 0.999975443, 0.00700811157, 0, -0.00700811157, 0.999975443, 0, 0, 0, 1),
			["C0"] = CFrame.new(-25.5362663, -16.0493832, 28.4524498, 0.999975443, 0.00700811157, 0, -0.00700811157, 0.999975443, 0, 0, 0, 1),
		},
		["Right Hip"] = {
			["C1"] = CFrame.new(-26.0362644, 3.94075489, 32.0527344, 0.999975443, 0.00700808782, -7.10096515e-09, -0.00586961117, 0.837528169, 0.5463624, 0.00382896164, -0.546348989, 0.837548852),
			["C0"] = CFrame.new(-25.5362663, -16.0493832, 28.4524498, 0.999975443, 0.00700811157, 0, -0.00700811157, 0.999975443, 0, 0, 0, 1),
		},
		["Left Hip"] = {
			["C1"] = CFrame.new(-25.0362663, -28.4990349, 12.8776007, 0.999975443, 0.00700808456, 9.52193702e-09, -0.00548146106, 0.782144189, -0.623073161, -0.00436655711, 0.623057842, 0.782163501),
			["C0"] = CFrame.new(-25.5362663, -16.0493832, 28.4524498, 0.999975443, 0.00700811157, 0, -0.00700811157, 0.999975443, 0, 0, 0, 1),
		},
	},
	[3] = {
		["Left Shoulder"] = {
			["C1"] = CFrame.new(-22.5128365, -11.3452616, 31.8641872, 0.984943569, -0.162357688, -0.059380956, 0.172613263, 0.942542076, 0.286039919, 0.00952827279, -0.291983128, 0.956376016),
			["C0"] = CFrame.new(-25.9401321, -15.4271898, 28.4524498, 0.999467969, 0.0326156244, 0, -0.0326156244, 0.999467969, 0, 0, 0, 1),
		},
		["Right Shoulder"] = {
			["C1"] = CFrame.new(-30.5153599, -22.1830215, 19.3273525, 0.987890244, 0.146278083, -0.0517256074, -0.154567614, 0.898892343, -0.410001427, -0.01347847, 0.413031518, 0.910616994),
			["C0"] = CFrame.new(-25.9401321, -15.4271898, 28.4524498, 0.999467969, 0.0326156244, 0, -0.0326156244, 0.999467969, 0, 0, 0, 1),
		},
		["RootJoint"] = {
			["C1"] = CFrame.new(-25.9401321, -15.4271898, 28.4524498, 0.999467969, 0.0326156244, 0, -0.0326156244, 0.999467969, 0, 0, 0, 1),
			["C0"] = CFrame.new(-25.4231625, -15.9881468, 28.4524498, 1, 0, 0, 0, 1, 0, 0, 0, 1),
		},
		["Neck"] = {
			["C1"] = CFrame.new(-25.9401302, -16.9271908, 28.4524498, 0.999467969, 0.0326156244, 0, -0.0326156244, 0.999467969, 0, 0, 0, 1),
			["C0"] = CFrame.new(-25.9401321, -15.4271898, 28.4524498, 0.999467969, 0.0326156244, 0, -0.0326156244, 0.999467969, 0, 0, 0, 1),
		},
		["Right Hip"] = {
			["C1"] = CFrame.new(-26.4401302, 4.46187305, 31.7127914, 0.999467969, 0.032615602, -7.10096515e-09, -0.0273171514, 0.837103128, 0.5463624, 0.0178199429, -0.546071708, 0.837548852),
			["C0"] = CFrame.new(-25.9401321, -15.4271898, 28.4524498, 0.999467969, 0.0326156244, 0, -0.0326156244, 0.999467969, 0, 0, 0, 1),
		},
		["Left Hip"] = {
			["C1"] = CFrame.new(-25.4401302, -28.0123749, 13.265274, 0.999467969, 0.0326155983, 9.52193702e-09, -0.025510719, 0.781747222, -0.623073161, -0.0203219112, 0.62274164, 0.782163501),
			["C0"] = CFrame.new(-25.9401321, -15.4271898, 28.4524498, 0.999467969, 0.0326156244, 0, -0.0326156244, 0.999467969, 0, 0, 0, 1),
		},
	},
	[4] = {
		["Left Shoulder"] = {
			["C1"] = CFrame.new(-26.0200634, 3.72440624, 31.1339798, 0.985949934, -0.0910213888, -0.140063509, 0.162318349, 0.720031798, 0.674690127, 0.0394389704, -0.687945545, 0.724689841),
			["C0"] = CFrame.new(-26.3110332, -14.7592659, 28.4524498, 0.998360753, 0.0572346635, 0, -0.0572346635, 0.998360753, 0, 0, 0, 1),
		},
		["Right Shoulder"] = {
			["C1"] = CFrame.new(-31.3926983, -26.1739769, 11.0643349, 0.985164881, 0.150008217, -0.0833527446, -0.167324334, 0.731769979, -0.660692811, -0.0381143056, 0.664838314, 0.746014237),
			["C0"] = CFrame.new(-26.3110332, -14.7592659, 28.4524498, 0.998360753, 0.0572346635, 0, -0.0572346635, 0.998360753, 0, 0, 0, 1),
		},
		["RootJoint"] = {
			["C1"] = CFrame.new(-26.3110332, -14.7592659, 28.4524498, 0.998360753, 0.0572346635, 0, -0.0572346635, 0.998360753, 0, 0, 0, 1),
			["C0"] = CFrame.new(-25.4231625, -15.9881468, 28.4524498, 1, 0, 0, 0, 1, 0, 0, 0, 1),
		},
		["Neck"] = {
			["C1"] = CFrame.new(-26.3110352, -16.2592659, 28.4524498, 0.998360753, 0.0572346635, 0, -0.0572346635, 0.998360753, 0, 0, 0, 1),
			["C0"] = CFrame.new(-26.3110332, -14.7592659, 28.4524498, 0.998360753, 0.0572346635, 0, -0.0572346635, 0.998360753, 0, 0, 0, 1),
		},
		["Right Hip"] = {
			["C1"] = CFrame.new(-26.8110332, 14.487381, 28.5823326, 0.998360753, 0.05723463, -1.62441278e-08, -0.0359649435, 0.627347469, 0.777908266, 0.0445233025, -0.776633084, 0.628377676),
			["C0"] = CFrame.new(-26.3110332, -14.7592659, 28.4524498, 0.998360753, 0.0572346635, 0, -0.0572346635, 0.998360753, 0, 0, 0, 1),
		},
		["Left Hip"] = {
			["C1"] = CFrame.new(-25.8110352, -30.3772144, 3.78545189, 0.998360753, 0.0572346263, 2.01051069e-08, -0.0309094656, 0.539163411, -0.841633677, -0.0481706001, 0.840254009, 0.540048778),
			["C0"] = CFrame.new(-26.3110332, -14.7592659, 28.4524498, 0.998360753, 0.0572346635, 0, -0.0572346635, 0.998360753, 0, 0, 0, 1),
		},
	},
	[5] = {
		["Left Shoulder"] = {
			["C1"] = CFrame.new(-26.0021458, 3.73995781, 31.1229649, 0.985838234, -0.0922231004, -0.140063509, 0.163195878, 0.719833374, 0.674690127, 0.0386003964, -0.687993109, 0.724689841),
			["C0"] = CFrame.new(-26.290329, -14.7432775, 28.4524498, 0.998429775, 0.056017708, 0, -0.056017708, 0.998429775, 0, 0, 0, 1),
		},
		["Right Shoulder"] = {
			["C1"] = CFrame.new(-31.3706646, -26.1647377, 11.0749807, 0.985347033, 0.148807272, -0.0833527446, -0.166432261, 0.731973469, -0.660692811, -0.0373038985, 0.664884269, 0.746014237),
			["C0"] = CFrame.new(-26.290329, -14.7432775, 28.4524498, 0.998429775, 0.056017708, 0, -0.056017708, 0.998429775, 0, 0, 0, 1),
		},
		["RootJoint"] = {
			["C1"] = CFrame.new(-26.290329, -14.7432775, 28.4524498, 0.998429775, 0.056017708, 0, -0.056017708, 0.998429775, 0, 0, 0, 1),
			["C0"] = CFrame.new(-25.4231625, -15.9881468, 28.4524498, 1, 0, 0, 0, 1, 0, 0, 0, 1),
		},
		["Neck"] = {
			["C1"] = CFrame.new(-26.290329, -16.2432766, 28.4524498, 0.998429775, 0.056017708, 0, -0.056017708, 0.998429775, 0, 0, 0, 1),
			["C0"] = CFrame.new(-26.290329, -14.7432775, 28.4524498, 0.998429775, 0.056017708, 0, -0.056017708, 0.998429775, 0, 0, 0, 1),
		},
		["Right Hip"] = {
			["C1"] = CFrame.new(-26.790329, 14.497427, 28.5698948, 0.998429775, 0.0560176745, -1.62441278e-08, -0.0352002382, 0.627390862, 0.777908266, 0.0435766242, -0.776686788, 0.628377676),
			["C0"] = CFrame.new(-26.290329, -14.7432775, 28.4524498, 0.998429775, 0.056017708, 0, -0.056017708, 0.998429775, 0, 0, 0, 1),
		},
		["Left Hip"] = {
			["C1"] = CFrame.new(-25.7903271, -30.3685799, 3.79890633, 0.998429775, 0.0560176708, 2.01051069e-08, -0.0302522499, 0.539200664, -0.841633677, -0.0471463725, 0.840312123, 0.540048778),
			["C0"] = CFrame.new(-26.290329, -14.7432775, 28.4524498, 0.998429775, 0.056017708, 0, -0.056017708, 0.998429775, 0, 0, 0, 1),
		},
	},
	[6] = {
		["Left Shoulder"] = {
			["C1"] = CFrame.new(-27.5227318, 12.4445219, 27.4625702, 0.982091129, -0.0610774048, -0.178231329, 0.185536906, 0.47799167, 0.858545125, 0.0327553898, -0.876238167, 0.480763555),
			["C0"] = CFrame.new(-26.0098534, -15.2195263, 28.4524498, 0.99930203, 0.0373557694, 0, -0.0373557694, 0.99930203, 0, 0, 0, 1),
		},
		["Right Shoulder"] = {
			["C1"] = CFrame.new(-31.2594242, -27.5237923, 7.39609528, 0.988310158, 0.120873049, -0.0929127857, -0.149913803, 0.659649491, -0.736470044, -0.0277295187, 0.741789758, 0.670058966),
			["C0"] = CFrame.new(-26.0098534, -15.2195263, 28.4524498, 0.99930203, 0.0373557694, 0, -0.0373557694, 0.99930203, 0, 0, 0, 1),
		},
		["RootJoint"] = {
			["C1"] = CFrame.new(-26.0098534, -15.2195263, 28.4524498, 0.99930203, 0.0373557694, 0, -0.0373557694, 0.99930203, 0, 0, 0, 1),
			["C0"] = CFrame.new(-25.4231625, -15.9881468, 28.4524498, 1, 0, 0, 0, 1, 0, 0, 0, 1),
		},
		["Neck"] = {
			["C1"] = CFrame.new(-26.0098534, -16.7195244, 28.4524498, 0.99930203, 0.0373557694, 0, -0.0373557694, 0.99930203, 0, 0, 0, 1),
			["C0"] = CFrame.new(-26.0098534, -15.2195263, 28.4524498, 0.99930203, 0.0373557694, 0, -0.0373557694, 0.99930203, 0, 0, 0, 1),
		},
		["Right Hip"] = {
			["C1"] = CFrame.new(-26.5098534, 21.6428261, 24.1993904, 0.99930203, 0.0373557284, -2.66456563e-08, -0.0145843392, 0.390145868, 0.920637488, 0.034391094, -0.919994891, 0.39041844),
			["C0"] = CFrame.new(-26.0098534, -15.2195263, 28.4524498, 0.99930203, 0.0373557694, 0, -0.0373557694, 0.99930203, 0, 0, 0, 1),
		},
		["Left Hip"] = {
			["C1"] = CFrame.new(-25.5098553, -30.4890118, -4.49208736, 0.99930203, 0.0373557284, 2.98882625e-08, -0.0118132066, 0.316015512, -0.948680401, -0.0354386568, 0.948018253, 0.316236287),
			["C0"] = CFrame.new(-26.0098534, -15.2195263, 28.4524498, 0.99930203, 0.0373557694, 0, -0.0373557694, 0.99930203, 0, 0, 0, 1),
		},
	},
	[7] = {
		["Left Shoulder"] = {
			["C1"] = CFrame.new(-26.8567867, 12.1230183, 28.2835922, 0.979124069, -0.0977215469, -0.178231329, 0.203263149, 0.470727146, 0.858545125, -2.29194512e-08, -0.876850188, 0.480763555),
			["C0"] = CFrame.new(-25.4231625, -16.155859, 28.4524498, 1, 0, 0, 0, 1, 0, 0, 0, 1),
		},
		["Right Shoulder"] = {
			["C1"] = CFrame.new(-30.7558765, -28.2196903, 6.7010479, 0.992135644, 0.0838695988, -0.0929127857, -0.125167459, 0.664789259, -0.736470044, -3.6430162e-08, 0.742307842, 0.670058966),
			["C0"] = CFrame.new(-25.4231625, -16.155859, 28.4524498, 1, 0, 0, 0, 1, 0, 0, 0, 1),
		},
		["RootJoint"] = {
			["C1"] = CFrame.new(-25.4231625, -16.155859, 28.4524498, 1, 0, 0, 0, 1, 0, 0, 0, 1),
			["C0"] = CFrame.new(-25.4231625, -15.9881468, 28.4524498, 1, 0, 0, 0, 1, 0, 0, 0, 1),
		},
		["Neck"] = {
			["C1"] = CFrame.new(-25.4231625, -17.655859, 28.4524498, 1, 0, 0, 0, 1, 0, 0, 0, 1),
			["C0"] = CFrame.new(-25.4231625, -16.155859, 28.4524498, 1, 0, 0, 0, 1, 0, 0, 0, 1),
		},
		["Right Hip"] = {
			["C1"] = CFrame.new(-25.9231625, 21.2772655, 25.0614128, 1, -4.0242341e-08, -2.66456563e-08, 4.0242341e-08, 0.39041838, 0.920637488, -2.66456563e-08, -0.920637488, 0.39041844),
			["C0"] = CFrame.new(-25.4231625, -16.155859, 28.4524498, 1, 0, 0, 0, 1, 0, 0, 0, 1),
		},
		["Left Hip"] = {
			["C1"] = CFrame.new(-24.9231625, -30.7851143, -5.38036823, 1, -4.14681374e-08, 2.98882625e-08, 4.14681374e-08, 0.316236228, -0.948680401, 2.98882625e-08, 0.948680401, 0.316236287),
			["C0"] = CFrame.new(-25.4231625, -16.155859, 28.4524498, 1, 0, 0, 0, 1, 0, 0, 0, 1),
		},
	},
	[8] = {
		["Left Shoulder"] = {
			["C1"] = CFrame.new(-22.4172554, -9.26234436, 32.5083656, 0.979124188, -0.18912895, -0.0744723752, 0.203263119, 0.911039293, 0.358735681, -2.76753092e-08, -0.366384268, 0.930463672),
			["C0"] = CFrame.new(-25.4231625, -15.9701195, 28.4524498, 1, 0, 0, 0, 1, 0, 0, 0, 1),
		},
		["Right Shoulder"] = {
			["C1"] = CFrame.new(-29.8592796, -21.1128502, 21.2110233, 0.992135644, 0.117800876, -0.0423065461, -0.125167444, 0.933744609, -0.335341543, -1.7129981e-08, 0.337999672, 0.941146255),
			["C0"] = CFrame.new(-25.4231625, -15.9701195, 28.4524498, 1, 0, 0, 0, 1, 0, 0, 0, 1),
		},
		["RootJoint"] = {
			["C1"] = CFrame.new(-25.4231625, -15.9701195, 28.4524498, 1, 0, 0, 0, 1, 0, 0, 0, 1),
			["C0"] = CFrame.new(-25.4231625, -15.9881468, 28.4524498, 1, 0, 0, 0, 1, 0, 0, 0, 1),
		},
		["Neck"] = {
			["C1"] = CFrame.new(-25.4231625, -17.4701195, 28.4524498, 1, 0, 0, 0, 1, 0, 0, 0, 1),
			["C0"] = CFrame.new(-25.4231625, -15.9701195, 28.4524498, 1, 0, 0, 0, 1, 0, 0, 0, 1),
		},
		["Right Hip"] = {
			["C1"] = CFrame.new(-25.9231625, 8.02522564, 31.373436, 1, -2.83142434e-08, -1.04099023e-08, 2.83142434e-08, 0.761849105, 0.647754371, -1.04099023e-08, -0.647754371, 0.761849225),
			["C0"] = CFrame.new(-25.4231625, -15.9701195, 28.4524498, 1, 0, 0, 0, 1, 0, 0, 0, 1),
		},
		["Left Hip"] = {
			["C1"] = CFrame.new(-24.9231625, -28.6123314, 12.5202208, 1, -2.77038232e-08, 9.90038984e-09, 2.77038232e-08, 0.77350533, -0.633789599, 9.90038984e-09, 0.633789599, 0.773505449),
			["C0"] = CFrame.new(-25.4231625, -15.9701195, 28.4524498, 1, 0, 0, 0, 1, 0, 0, 0, 1),
		},
	},
	[9] = {
		["Left Shoulder"] = {
			["C1"] = CFrame.new(-22.0054531, -11.2459955, 32.125061, 0.979124129, -0.193466917, -0.0623419881, 0.203263298, 0.931934476, 0.300303072, -6.95863349e-08, -0.306705803, 0.95180434),
			["C0"] = CFrame.new(-25.4231625, -15.945385, 28.4524498, 1, 0, 0, 0, 1, 0, 0, 0, 1),
		},
		["Right Shoulder"] = {
			["C1"] = CFrame.new(-29.783205, -20.5098419, 21.8919258, 0.992135644, 0.118904561, -0.0390972607, -0.125167444, 0.942492902, -0.309903234, -1.30192603e-08, 0.31235972, 0.949963868),
			["C0"] = CFrame.new(-25.4231625, -15.945385, 28.4524498, 1, 0, 0, 0, 1, 0, 0, 0, 1),
		},
		["RootJoint"] = {
			["C1"] = CFrame.new(-25.4231625, -15.945385, 28.4524498, 1, 0, 0, 0, 1, 0, 0, 0, 1),
			["C0"] = CFrame.new(-25.4231625, -15.9881468, 28.4524498, 1, 0, 0, 0, 1, 0, 0, 0, 1),
		},
		["Neck"] = {
			["C1"] = CFrame.new(-25.4231625, -17.445385, 28.4524498, 1, 0, 0, 0, 1, 0, 0, 0, 1),
			["C0"] = CFrame.new(-25.4231625, -15.945385, 28.4524498, 1, 0, 0, 0, 1, 0, 0, 0, 1),
		},
		["Right Hip"] = {
			["C1"] = CFrame.new(-25.9231625, 8.04406929, 31.3574142, 1, -2.83142434e-08, -1.04099023e-08, 2.83142434e-08, 0.761849105, 0.647754371, -1.04099023e-08, -0.647754371, 0.761849225),
			["C0"] = CFrame.new(-25.4231625, -15.945385, 28.4524498, 1, 0, 0, 0, 1, 0, 0, 0, 1),
		},
		["Left Hip"] = {
			["C1"] = CFrame.new(-24.9231625, -28.5932007, 12.5358973, 1, -2.77038232e-08, 9.90038984e-09, 2.77038232e-08, 0.77350533, -0.633789599, 9.90038984e-09, 0.633789599, 0.773505449),
			["C0"] = CFrame.new(-25.4231625, -15.945385, 28.4524498, 1, 0, 0, 0, 1, 0, 0, 0, 1),
		},
	},
	[10] = {
		["Left Shoulder"] = {
			["C1"] = CFrame.new(-21.5995026, -13.2014713, 31.615694, 0.979124129, -0.197027415, -0.0499610007, 0.203263134, 0.949086308, 0.240663648, -3.49617864e-08, -0.245794833, 0.969321847),
			["C0"] = CFrame.new(-25.4231625, -15.9206505, 28.4524498, 1, 0, 0, 0, 1, 0, 0, 0, 1),
		},
		["Right Shoulder"] = {
			["C1"] = CFrame.new(-29.7048244, -19.8885422, 22.5554543, 0.992135644, 0.119920895, -0.0358592756, -0.125167519, 0.950548232, -0.284237355, -2.57028709e-08, 0.286490411, 0.958083093),
			["C0"] = CFrame.new(-25.4231625, -15.9206505, 28.4524498, 1, 0, 0, 0, 1, 0, 0, 0, 1),
		},
		["RootJoint"] = {
			["C1"] = CFrame.new(-25.4231625, -15.9206505, 28.4524498, 1, 0, 0, 0, 1, 0, 0, 0, 1),
			["C0"] = CFrame.new(-25.4231625, -15.9881468, 28.4524498, 1, 0, 0, 0, 1, 0, 0, 0, 1),
		},
		["Neck"] = {
			["C1"] = CFrame.new(-25.4231625, -17.4206505, 28.4524498, 1, 0, 0, 0, 1, 0, 0, 0, 1),
			["C0"] = CFrame.new(-25.4231625, -15.9206505, 28.4524498, 1, 0, 0, 0, 1, 0, 0, 0, 1),
		},
		["Right Hip"] = {
			["C1"] = CFrame.new(-25.9231625, -4.82415867, 31.5950432, 1, -1.29464208e-08, -1.96123295e-09, 1.29464217e-08, 0.955132127, 0.296179593, -1.96123295e-09, -0.296179593, 0.955132246),
			["C0"] = CFrame.new(-25.4231625, -15.9206505, 28.4524498, 1, 0, 0, 0, 1, 0, 0, 0, 1),
		},
		["Left Hip"] = {
			["C1"] = CFrame.new(-24.9231625, -21.8034534, 22.6311741, 1, -1.31766082e-08, 2.03330686e-09, 1.31766091e-08, 0.953483224, -0.301445663, 2.03330686e-09, 0.301445663, 0.953483343),
			["C0"] = CFrame.new(-25.4231625, -15.9206505, 28.4524498, 1, 0, 0, 0, 1, 0, 0, 0, 1),
		},
	},
	[11] = {
		["Left Shoulder"] = {
			["C1"] = CFrame.new(-20.8160286, -16.9754562, 30.2505226, 0.979124069, -0.201725215, -0.0249606706, 0.203263611, 0.971713364, 0.12023624, -6.39116138e-08, -0.122799791, 0.992431462),
			["C0"] = CFrame.new(-25.4231625, -15.895916, 28.4524498, 1, 0, 0, 0, 1, 0, 0, 0, 1),
		},
		["Right Shoulder"] = {
			["C1"] = CFrame.new(-29.309742, -16.7568989, 25.470562, 0.992135584, 0.123563021, -0.0199790709, -0.125167802, 0.979415059, -0.158363327, -4.77141207e-08, 0.159618631, 0.987178743),
			["C0"] = CFrame.new(-25.4231625, -15.895916, 28.4524498, 1, 0, 0, 0, 1, 0, 0, 0, 1),
		},
		["RootJoint"] = {
			["C1"] = CFrame.new(-25.4231625, -15.895916, 28.4524498, 1, 0, 0, 0, 1, 0, 0, 0, 1),
			["C0"] = CFrame.new(-25.4231625, -15.9881468, 28.4524498, 1, 0, 0, 0, 1, 0, 0, 0, 1),
		},
		["Neck"] = {
			["C1"] = CFrame.new(-25.4231625, -17.395916, 28.4524498, 1, 0, 0, 0, 1, 0, 0, 0, 1),
			["C0"] = CFrame.new(-25.4231625, -15.895916, 28.4524498, 1, 0, 0, 0, 1, 0, 0, 0, 1),
		},
		["Right Hip"] = {
			["C1"] = CFrame.new(-25.9231625, -4.80053425, 31.587719, 1, -1.29464208e-08, -1.96123295e-09, 1.29464217e-08, 0.955132127, 0.296179593, -1.96123295e-09, -0.296179593, 0.955132246),
			["C0"] = CFrame.new(-25.4231625, -15.895916, 28.4524498, 1, 0, 0, 0, 1, 0, 0, 0, 1),
		},
		["Left Hip"] = {
			["C1"] = CFrame.new(-24.9231625, -21.7798691, 22.6386299, 1, -1.31766082e-08, 2.03330686e-09, 1.31766091e-08, 0.953483224, -0.301445663, 2.03330686e-09, 0.301445663, 0.953483343),
			["C0"] = CFrame.new(-25.4231625, -15.895916, 28.4524498, 1, 0, 0, 0, 1, 0, 0, 0, 1),
		},
	},
	[12] = {
		["Left Shoulder"] = {
			["C1"] = CFrame.new(-17.387104, -33.4926262, 14.3575478, 0.979124069, -0.168711856, 0.113368675, 0.203263745, 0.812687159, -0.546098113, -1.58339617e-08, 0.557741523, 0.830014646),
			["C0"] = CFrame.new(-25.4231625, -16.0998096, 28.4524498, 1, 0, 0, 0, 1, 0, 0, 0, 1),
		},
		["Right Shoulder"] = {
			["C1"] = CFrame.new(-27.495409, -2.37568569, 32.3459015, 0.992135584, 0.118094005, 0.0414828174, -0.125167951, 0.936064243, 0.328810632, -2.26157084e-08, -0.331417024, 0.943484366),
			["C0"] = CFrame.new(-25.4231625, -16.0998096, 28.4524498, 1, 0, 0, 0, 1, 0, 0, 0, 1),
		},
		["RootJoint"] = {
			["C1"] = CFrame.new(-25.4231625, -16.0998096, 28.4524498, 1, 0, 0, 0, 1, 0, 0, 0, 1),
			["C0"] = CFrame.new(-25.4231625, -15.9881468, 28.4524498, 1, 0, 0, 0, 1, 0, 0, 0, 1),
		},
		["Neck"] = {
			["C1"] = CFrame.new(-25.4231625, -17.5998096, 28.4524498, 1, 0, 0, 0, 1, 0, 0, 0, 1),
			["C0"] = CFrame.new(-25.4231625, -16.0998096, 28.4524498, 1, 0, 0, 0, 1, 0, 0, 0, 1),
		},
		["Right Hip"] = {
			["C1"] = CFrame.new(-25.9231625, -24.1645947, 20.1069431, 1, 1.73735408e-08, -3.60097374e-09, -1.73735408e-08, 0.917619228, -0.397460282, -3.60097374e-09, 0.397460282, 0.917619348),
			["C0"] = CFrame.new(-25.4231625, -16.0998096, 28.4524498, 1, 0, 0, 0, 1, 0, 0, 0, 1),
		},
		["Left Hip"] = {
			["C1"] = CFrame.new(-24.9231625, 2.46826553, 32.1774788, 1, 2.22296528e-08, 6.07459683e-09, -2.22296528e-08, 0.861029267, 0.508555174, 6.07459683e-09, -0.508555174, 0.861029387),
			["C0"] = CFrame.new(-25.4231625, -16.0998096, 28.4524498, 1, 0, 0, 0, 1, 0, 0, 0, 1),
		},
	},
	[13] = {
		["Left Shoulder"] = {
			["C1"] = CFrame.new(-16.9038334, -33.9488907, 13.9913445, 0.974964976, -0.191287518, 0.113368675, 0.221984982, 0.807774246, -0.546098113, 0.0128854783, 0.55759263, 0.830014646),
			["C0"] = CFrame.new(-25.0427227, -16.7563915, 28.4524498, 0.99973309, -0.0231029857, 0, 0.0231029857, 0.99973309, 0, 0, 0, 1),
		},
		["Right Shoulder"] = {
			["C1"] = CFrame.new(-27.1955032, -3.0379076, 32.5635033, 0.994599104, 0.0951411873, 0.0414828174, -0.103508666, 0.93870616, 0.328810632, -0.00765674561, -0.331328571, 0.943484366),
			["C0"] = CFrame.new(-25.0427227, -16.7563915, 28.4524498, 0.99973309, -0.0231029857, 0, 0.0231029857, 0.99973309, 0, 0, 0, 1),
		},
		["RootJoint"] = {
			["C1"] = CFrame.new(-25.0427227, -16.7563915, 28.4524498, 0.99973309, -0.0231029857, 0, 0.0231029857, 0.99973309, 0, 0, 0, 1),
			["C0"] = CFrame.new(-25.4231625, -15.9881468, 28.4524498, 1, 0, 0, 0, 1, 0, 0, 0, 1),
		},
		["Neck"] = {
			["C1"] = CFrame.new(-25.0427227, -18.2563915, 28.4524498, 0.99973309, -0.0231029857, 0, 0.0231029857, 0.99973309, 0, 0, 0, 1),
			["C0"] = CFrame.new(-25.0427227, -16.7563915, 28.4524498, 0.99973309, -0.0231029857, 0, 0.0231029857, 0.99973309, 0, 0, 0, 1),
		},
		["Right Hip"] = {
			["C1"] = CFrame.new(-25.5427265, -24.767086, 19.8459778, 0.99973309, -0.0231029689, -3.60097374e-09, 0.0211997274, 0.917374313, -0.397460282, 0.00918251555, 0.397354186, 0.917619348),
			["C0"] = CFrame.new(-25.0427227, -16.7563915, 28.4524498, 0.99973309, -0.0231029857, 0, 0.0231029857, 0.99973309, 0, 0, 0, 1),
		},
		["Left Hip"] = {
			["C1"] = CFrame.new(-24.5427246, 1.90292931, 32.5113869, 0.99973309, -0.0231029633, 6.07459683e-09, 0.0198923238, 0.860799432, 0.508555174, -0.0117491363, -0.508419454, 0.861029387),
			["C0"] = CFrame.new(-25.0427227, -16.7563915, 28.4524498, 0.99973309, -0.0231029857, 0, 0.0231029857, 0.99973309, 0, 0, 0, 1),
		},
	},
	[14] = {
		["Left Shoulder"] = {
			["C1"] = CFrame.new(-16.1259918, -36.8373718, 4.08738995, 0.97434032, -0.159651309, 0.158657566, 0.223568186, 0.604922235, -0.764255285, 0.0260388628, 0.780115545, 0.625093222),
			["C0"] = CFrame.new(-24.868248, -17.0492191, 28.4524498, 0.999443412, -0.0333596542, 0, 0.0333596542, 0.999443412, 0, 0, 0, 1),
		},
		["Right Shoulder"] = {
			["C1"] = CFrame.new(-24.4908924, 17.006052, 30.6377296, 0.99396354, 0.038213402, 0.102840334, -0.106231585, 0.569415212, 0.815156937, -0.0274089444, -0.82116127, 0.570037603),
			["C0"] = CFrame.new(-24.868248, -17.0492191, 28.4524498, 0.999443412, -0.0333596542, 0, 0.0333596542, 0.999443412, 0, 0, 0, 1),
		},
		["RootJoint"] = {
			["C1"] = CFrame.new(-24.868248, -17.0492191, 28.4524498, 0.999443412, -0.0333596542, 0, 0.0333596542, 0.999443412, 0, 0, 0, 1),
			["C0"] = CFrame.new(-25.4231625, -15.9881468, 28.4524498, 1, 0, 0, 0, 1, 0, 0, 0, 1),
		},
		["Neck"] = {
			["C1"] = CFrame.new(-24.868248, -18.5492172, 28.4524498, 0.999443412, -0.0333596542, 0, 0.0333596542, 0.999443412, 0, 0, 0, 1),
			["C0"] = CFrame.new(-24.868248, -17.0492191, 28.4524498, 0.999443412, -0.0333596542, 0, 0.0333596542, 0.999443412, 0, 0, 0, 1),
		},
		["Right Hip"] = {
			["C1"] = CFrame.new(-25.3682499, -31.5379829, 2.8980484, 0.999443412, -0.033359617, -1.89430427e-08, 0.018902665, 0.566318214, -0.823969722, 0.0274873264, 0.823511124, 0.566633701),
			["C0"] = CFrame.new(-24.868248, -17.0492191, 28.4524498, 0.999443412, -0.0333596542, 0, 0.0333596542, 0.999443412, 0, 0, 0, 1),
		},
		["Left Hip"] = {
			["C1"] = CFrame.new(-24.368248, 21.6022549, 25.3508625, 0.999443412, -0.0333596133, 2.77098042e-08, 0.0122120455, 0.365869761, 0.930585861, -0.0310439952, -0.930067897, 0.366073579),
			["C0"] = CFrame.new(-24.868248, -17.0492191, 28.4524498, 0.999443412, -0.0333596542, 0, 0.0333596542, 0.999443412, 0, 0, 0, 1),
		},
	},
	[15] = {
		["Left Shoulder"] = {
			["C1"] = CFrame.new(-15.6989698, -37.1018562, 3.6556406, 0.970784426, -0.180014327, 0.158657566, 0.236183345, 0.60010916, -0.764255285, 0.0423650369, 0.779399455, 0.625093222),
			["C0"] = CFrame.new(-24.5038986, -17.602354, 28.4524498, 0.998525977, -0.0542758964, 0, 0.0542758964, 0.998525977, 0, 0, 0, 1),
		},
		["Right Shoulder"] = {
			["C1"] = CFrame.new(-24.1688728, 16.6476192, 31.0921936, 0.994545698, 0.017396193, 0.102840334, -0.0942874774, 0.571514428, 0.815156937, -0.0445941165, -0.82040745, 0.570037603),
			["C0"] = CFrame.new(-24.5038986, -17.602354, 28.4524498, 0.998525977, -0.0542758964, 0, 0.0542758964, 0.998525977, 0, 0, 0, 1),
		},
		["RootJoint"] = {
			["C1"] = CFrame.new(-24.5038986, -17.602354, 28.4524498, 0.998525977, -0.0542758964, 0, 0.0542758964, 0.998525977, 0, 0, 0, 1),
			["C0"] = CFrame.new(-25.4231625, -15.9881468, 28.4524498, 1, 0, 0, 0, 1, 0, 0, 0, 1),
		},
		["Neck"] = {
			["C1"] = CFrame.new(-24.5038986, -19.1023521, 28.4524498, 0.998525977, -0.0542758964, 0, 0.0542758964, 0.998525977, 0, 0, 0, 1),
			["C0"] = CFrame.new(-24.5038986, -17.602354, 28.4524498, 0.998525977, -0.0542758964, 0, 0.0542758964, 0.998525977, 0, 0, 0, 1),
		},
		["Right Hip"] = {
			["C1"] = CFrame.new(-25.0038986, -31.851408, 2.44228172, 0.998525977, -0.0542758591, -1.89430427e-08, 0.0307545103, 0.565798342, -0.823969722, 0.0447216779, 0.822755158, 0.566633701),
			["C0"] = CFrame.new(-24.5038986, -17.602354, 28.4524498, 0.998525977, -0.0542758964, 0, 0.0542758964, 0.998525977, 0, 0, 0, 1),
		},
		["Left Hip"] = {
			["C1"] = CFrame.new(-24.0038986, 21.3997669, 25.8656006, 0.998525977, -0.0542758554, 2.77098042e-08, 0.0198689271, 0.365533918, 0.930585861, -0.0505083539, -0.92921418, 0.366073579),
			["C0"] = CFrame.new(-24.5038986, -17.602354, 28.4524498, 0.998525977, -0.0542758964, 0, 0.0542758964, 0.998525977, 0, 0, 0, 1),
		},
	},
	[16] = {
		["Left Shoulder"] = {
			["C1"] = CFrame.new(-16.806881, -31.1480713, 19.6597939, 0.965636134, -0.248702556, 0.0754578188, 0.258889467, 0.894906521, -0.363480896, 0.022870915, 0.370525509, 0.928540647),
			["C0"] = CFrame.new(-24.3784962, -17.7082462, 28.4524498, 0.9981004, -0.0616083667, 0, 0.0616083667, 0.9981004, 0, 0, 0, 1),
		},
		["Right Shoulder"] = {
			["C1"] = CFrame.new(-25.5925293, 4.3612299, 33.7728577, 0.996659815, 0.0427058935, 0.0696084723, -0.0741300881, 0.830710649, 0.551746666, -0.0342616737, -0.555063784, 0.831101835),
			["C0"] = CFrame.new(-24.3784962, -17.7082462, 28.4524498, 0.9981004, -0.0616083667, 0, 0.0616083667, 0.9981004, 0, 0, 0, 1),
		},
		["RootJoint"] = {
			["C1"] = CFrame.new(-24.3784962, -17.7082462, 28.4524498, 0.9981004, -0.0616083667, 0, 0.0616083667, 0.9981004, 0, 0, 0, 1),
			["C0"] = CFrame.new(-25.4231625, -15.9881468, 28.4524498, 1, 0, 0, 0, 1, 0, 0, 0, 1),
		},
		["Neck"] = {
			["C1"] = CFrame.new(-24.3784962, -19.2082462, 28.4524498, 0.9981004, -0.0616083667, 0, 0.0616083667, 0.9981004, 0, 0, 0, 1),
			["C0"] = CFrame.new(-24.3784962, -17.7082462, 28.4524498, 0.9981004, -0.0616083667, 0, 0.0616083667, 0.9981004, 0, 0, 0, 1),
		},
		["Right Hip"] = {
			["C1"] = CFrame.new(-24.8784962, -25.2711868, 19.9632645, 0.9981004, -0.0616083518, -3.28257244e-09, 0.0569817722, 0.923146427, -0.380201846, 0.0234236103, 0.379479617, 0.924903512),
			["C0"] = CFrame.new(-24.3784962, -17.7082462, 28.4524498, 0.9981004, -0.0616083667, 0, 0.0616083667, 0.9981004, 0, 0, 0, 1),
		},
		["Left Hip"] = {
			["C1"] = CFrame.new(-23.8784962, -0.0548181534, 32.9786987, 0.9981004, -0.0616083443, 5.33021804e-09, 0.0540957376, 0.876390696, 0.478552759, -0.0294828489, -0.477643698, 0.878058791),
			["C0"] = CFrame.new(-24.3784962, -17.7082462, 28.4524498, 0.9981004, -0.0616083667, 0, 0.0616083667, 0.9981004, 0, 0, 0, 1),
		},
	},
	[17] = {
		["Left Shoulder"] = {
